SRR2822456.72150R:c1 9817 126 22 22
SRR2822456.343934R:c1 10943 118 22 22
SRR2822456.208425R:c1 5254 117 22 22
SRR2822456.1043811R:c1 7664 117 22 22
SRR2822456.1030383R:c1 8851 116 22 22
SRR2822456.793992R:c1 9212 110 25 19
SRR2822456.443709R:c1 1923 106 25 21
SRR2822456.454377R:c1 8743 103 26 20
SRR2822456.489537R:c1 8825 100 26 21
SRR2822456.178420R:c1 5599 99 26 20
SRR2822456.417103:c1 4738 96 26 20
SRR2822456.288662R:c1 8716 96 26 20
SRR2822456.342894R:c1 1875 95 26 20
SRR2822456.706377R:c1 2466 95 26 20
SRR2822456.745829R:c1 11869 95 26 20
SRR2822456.256662:c1 7933 95 26 19
SRR2822456.392103:c1 10392 94 26 18
SRR2822456.625572R:c1 9057 94 26 18
SRR2822456.614245:c1 2503 94 26 18
SRR2822456.796029R:c1 8539 93 26 18
SRR2822456.423435:c1 5187 88 26 16
SRR2822456.154177R:c1 5884 88 26 16
SRR2822456.916587R:c1 8225 87 26 16
SRR2822456.501691:c1 6719 87 26 16
SRR2822456.1151574R:c1 8388 79 26 16
SRR2822456.21371R:c1 6911 77 26 16
SRR2822456.959455:c1 2143 77 26 16
SRR2822456.1095867:c1 8966 76 26 16
SRR2822456.1132567:c1 8041 76 26 16
SRR2822456.739098:c1 10862 74 26 15
SRR2822456.956282:c1 9493 71 26 15
SRR2822456.929310R:c1 4436 70 26 15
SRR2822456.753619R:c1 6800 70 26 15
SRR2822456.648764:c1 6829 69 26 14
SRR2822456.611846:c1 1612 69 26 14
SRR2822456.1037406R:c1 8402 69 26 13
SRR2822456.673832:c1 10395 68 26 13
SRR2822456.1108290R:c1 10292 67 26 13
SRR2822456.1109354:c1 9973 66 26 13
SRR2822456.888997R:c1 9450 66 26 13
SRR2822456.369932R:c1 3204 66 26 12
SRR2822456.117231:c1 3788 66 26 12
SRR2822456.805494R:c1 9255 66 26 12
SRR2822456.866672R:c1 11126 66 26 12
SRR2822456.720618R:c1 7455 66 26 12
SRR2822456.330960R:c1 5016 66 26 12
SRR2822456.297822:c1 11351 64 26 12
SRR2822456.1084983R:c1 3939 64 26 12
SRR2822456.211112:c1 5857 63 26 11
SRR2822456.1199697R:c1 8509 62 26 11
SRR2822456.293003:c1 1994 62 26 11
SRR2822456.543082:c1 5261 60 26 11
SRR2822456.425058:c1 8303 60 26 11
SRR2822456.649253:c1 2802 60 26 11
SRR2822456.391496:c1 2032 60 26 11
SRR2822456.551826:c1 2821 59 26 11
SRR2822456.637520:c1 4870 58 26 11
SRR2822456.496260R:c1 3042 58 26 11
SRR2822456.723102:c1 5770 58 26 11
SRR2822456.177031:c1 6299 57 26 10
SRR2822456.772254R:c1 2861 56 26 10
SRR2822456.664495R:c1 1850 55 26 10
SRR2822456.648240:c1 3092 55 26 10
SRR2822456.795487:c1 3924 53 26 10
SRR2822456.1149916:c1 8112 53 26 9
SRR2822456.370417:c1 4608 51 26 9
SRR2822456.575259R:c1 4306 51 26 9
SRR2822456.949269R:c1 6412 51 26 9
SRR2822456.1180787R:c1 8063 51 26 9
SRR2822456.143334R:c1 9481 51 26 9
SRR2822456.203859:c1 4764 50 26 9
SRR2822456.879286R:c1 4460 49 26 8
SRR2822456.298201R:c1 6958 49 26 8
SRR2822456.43828R:c1 6677 49 26 8
SRR2822456.906171R:c1 7140 49 26 8
SRR2822456.393766R:c1 8237 48 26 8
SRR2822456.497398:c1 5855 48 26 8
SRR2822456.238634R:c1 8032 48 26 8
SRR2822456.372770:c1 6962 48 26 8
SRR2822456.1076773R:c1 6591 47 26 8
SRR2822456.239842:c1 5184 47 26 8
SRR2822456.648765:c1 2421 46 26 8
SRR2822456.662512:c1 4575 45 26 8
SRR2822456.763680:c1 2018 45 26 8
SRR2822456.858884R:c1 3331 44 26 8
SRR2822456.663384R:c1 7225 44 26 8
SRR2822456.426167:c1 4501 43 26 8
SRR2822456.409664R:c1 9311 42 26 8
SRR2822456.1143255:c1 6491 42 26 8
SRR2822456.1065105:c1 1596 41 26 8
SRR2822456.677054:c1 4643 40 26 8
SRR2822456.319382R:c1 7785 40 26 8
SRR2822456.79336R:c1 2967 40 26 8
SRR2822456.194774R:c1 4620 39 26 8
SRR2822456.999865R:c1 1882 39 26 8
SRR2822456.781666:c1 5900 39 26 7
SRR2822456.693893:c1 6398 39 26 7
SRR2822456.569998:c1 4235 38 26 7
SRR2822456.644036R:c1 4580 38 26 7
SRR2822456.420213:c1 8007 38 26 7
SRR2822456.1191938R:c1 1929 38 26 7
SRR2822456.358334:c1 8572 38 26 7
SRR2822456.969055R:c1 7822 38 26 6
SRR2822456.490929R:c1 3854 38 26 6
SRR2822456.877636R:c1 7021 38 26 6
SRR2822456.994741R:c1 8447 38 26 5
SRR2822456.487893:c1 8137 37 26 5
SRR2822456.354070R:c1 4593 37 26 5
SRR2822456.222668:c1 1581 37 26 5
SRR2822456.8257R:c1 8966 37 26 5
SRR2822456.479259R:c1 12442 37 26 5
SRR2822456.800728R:c1 8211 37 26 5
SRR2822456.1141942:c1 3526 37 26 5
SRR2822456.95833:c1 1507 37 26 5
SRR2822456.22704R:c1 2938 36 27 4
SRR2822456.1168927R:c1 1850 36 27 4
SRR2822456.562085R:c1 5664 36 27 4
SRR2822456.846482R:c1 2036 36 27 4
SRR2822456.1051321:c1 6308 36 27 4
SRR2822456.391482R:c1 4342 36 27 4
SRR2822456.859375R:c1 5349 36 27 4
SRR2822456.303135:c1 6911 36 27 4
SRR2822456.1164011R:c1 4208 35 27 4
SRR2822456.864985R:c1 2294 35 27 4
SRR2822456.350289R:c1 6227 35 27 4
SRR2822456.84034R:c1 4209 35 27 4
SRR2822456.936326:c1 8549 35 27 4
SRR2822456.769406R:c1 3639 35 27 4
SRR2822456.977873R:c1 4530 35 27 4
SRR2822456.795569R:c1 1621 35 27 4
SRR2822456.27104:c1 2254 35 27 4
SRR2822456.1177712R:c1 1919 35 27 4
SRR2822456.1166909R:c1 7996 35 27 4
SRR2822456.64813:c1 4408 35 27 4
SRR2822456.14808:c1 5674 35 27 4
SRR2822456.390372R:c1 1814 35 27 4
SRR2822456.1014369R:c1 3137 35 27 4
SRR2822456.868430:c1 3190 35 27 4
SRR2822456.64107R:c1 5458 35 27 4
SRR2822456.621222R:c1 4698 35 27 4
SRR2822456.729736R:c1 3476 35 27 4
SRR2822456.735252:c1 4321 34 27 4
SRR2822456.1143663:c1 4679 34 27 4
SRR2822456.109356:c1 3181 34 27 4
SRR2822456.299228:c1 3402 34 27 4
SRR2822456.578501R:c1 4489 34 27 4
SRR2822456.273139R:c1 5248 34 27 4
SRR2822456.1168709R:c1 1602 34 27 4
SRR2822456.552157R:c1 2205 33 27 4
SRR2822456.249929R:c1 2264 33 27 4
SRR2822456.250442:c1 2909 33 27 4
SRR2822456.395732:c1 3711 33 27 4
SRR2822456.734711:c1 2451 33 27 4
SRR2822456.211167R:c1 2997 33 27 4
SRR2822456.293042R:c1 4752 33 27 4
SRR2822456.151398R:c1 6049 33 27 4
SRR2822456.309574R:c1 5745 33 27 4
SRR2822456.32309R:c1 1725 32 27 4
SRR2822456.689613R:c1 3456 32 27 4
SRR2822456.202836R:c1 2372 32 27 4
SRR2822456.1029522R:c1 4737 32 27 4
SRR2822456.565437R:c1 7870 32 27 4
SRR2822456.828244R:c1 5064 32 27 4
SRR2822456.696755:c1 6909 32 27 4
SRR2822456.235772R:c1 2229 32 27 4
SRR2822456.191015:c1 2839 32 27 4
SRR2822456.837682R:c1 1762 32 27 4
SRR2822456.1056301R:c1 5907 32 27 4
SRR2822456.1226109R:c1 7562 32 27 4
SRR2822456.1123780R:c1 6238 32 27 4
SRR2822456.469635:c1 2648 31 27 4
SRR2822456.1141943:c1 6682 31 27 4
SRR2822456.712039:c1 3798 31 27 4
SRR2822456.1156916:c1 5771 31 27 4
SRR2822456.922259R:c1 1568 31 27 4
SRR2822456.593716:c1 2256 31 27 4
SRR2822456.514824R:c1 6092 31 27 4
SRR2822456.1189725R:c1 2098 31 27 4
SRR2822456.1146376R:c1 2011 31 27 4
SRR2822456.181614R:c1 2002 31 27 4
SRR2822456.1099862R:c1 4525 30 27 4
SRR2822456.1084319R:c1 7057 30 27 4
SRR2822456.832241R:c1 5030 30 27 4
SRR2822456.611776:c1 6447 30 27 4
SRR2822456.1079535:c1 2595 29 27 4
SRR2822456.349593R:c1 6112 29 27 4
SRR2822456.445148R:c1 3498 28 27 4
SRR2822456.1024365:c1 6759 28 27 4
SRR2822456.1037945R:c1 3218 28 27 4
SRR2822456.1016302R:c1 6615 28 27 4
SRR2822456.947993:c1 6400 28 27 4
SRR2822456.436723R:c1 6298 28 27 4
SRR2822456.567260R:c1 3471 28 27 4
SRR2822456.893506R:c1 4040 27 27 4
SRR2822456.831218R:c1 5181 27 27 4
SRR2822456.22772R:c1 2893 27 27 4
SRR2822456.1012088R:c1 5081 27 27 4
SRR2822456.847690R:c1 4570 27 27 4
SRR2822456.139347R:c1 6380 27 27 4
SRR2822456.459247R:c1 5575 27 27 4
SRR2822456.603786:c1 5884 27 27 4
SRR2822456.1085487R:c1 5373 27 27 4
SRR2822456.1118496R:c1 2460 26 27 4
SRR2822456.1191076:c1 6821 26 27 4
SRR2822456.1075268R:c1 3560 26 27 4
SRR2822456.1044480:c1 7073 26 27 4
SRR2822456.1023646:c1 5832 26 27 4
SRR2822456.120405:c1 2119 26 27 4
SRR2822456.690870:c1 7758 26 27 4
SRR2822456.879354:c1 1804 26 27 4
SRR2822456.605824:c1 2108 26 27 4
SRR2822456.590198:c1 4274 26 27 4
SRR2822456.1079125:c1 2913 26 27 4
SRR2822456.443051:c1 9892 26 27 4
SRR2822456.109540:c1 2375 26 27 4
SRR2822456.203041R:c1 4357 26 27 4
SRR2822456.577622:c1 6298 26 27 4
SRR2822456.181497R:c1 5036 26 27 4
SRR2822456.569904:c1 2123 26 27 4
SRR2822456.250273:c1 2642 25 27 4
SRR2822456.1163678R:c1 6172 25 27 4
SRR2822456.77076:c1 2465 25 27 4
SRR2822456.837367:c1 6027 25 27 4
SRR2822456.556070:c1 6999 25 27 4
SRR2822456.54631:c1 5438 25 27 4
SRR2822456.27306R:c1 1682 25 27 4
SRR2822456.785094:c1 7862 25 27 4
SRR2822456.98126:c1 7185 25 27 4
SRR2822456.1055556:c1 3830 25 27 4
SRR2822456.484062:c1 2645 25 27 4
SRR2822456.820158R:c1 5778 25 27 4
SRR2822456.646909R:c1 5933 25 27 4
SRR2822456.1118799:c1 4064 25 27 4
SRR2822456.393977:c1 3033 25 27 4
SRR2822456.868583R:c1 2640 25 27 4
SRR2822456.593957:c1 2613 25 27 4
SRR2822456.1085781:c1 3115 25 27 4
SRR2822456.1099975:c1 3489 25 27 4
SRR2822456.864626R:c1 4713 25 27 4
SRR2822456.189710:c1 8215 25 27 4
SRR2822456.773644R:c1 3832 25 27 4
SRR2822456.38953:c1 4628 25 27 4
SRR2822456.235585:c1 1684 25 27 4
SRR2822456.250823:c1 2101 25 27 4
SRR2822456.846288:c1 2801 25 27 4
SRR2822456.832429:c1 2180 25 27 4
SRR2822456.401417:c1 1810 25 27 4
SRR2822456.826392:c1 2544 25 27 4
SRR2822456.1092798:c1 6141 25 27 4
SRR2822456.514466R:c1 2554 25 27 4
SRR2822456.204006:c1 2176 25 27 4
SRR2822456.1026349:c1 3011 25 27 4
SRR2822456.227593:c1 6167 25 27 4
SRR2822456.772617:c1 3184 25 27 4
SRR2822456.788473:c1 1533 25 27 4
SRR2822456.1211315:c1 3461 25 27 4
SRR2822456.729582:c1 2326 25 27 4
SRR2822456.814507R:c1 7768 25 27 4
SRR2822456.978118:c1 1817 25 27 4
SRR2822456.701726:c1 6865 25 27 4
SRR2822456.585833:c1 4567 25 27 4
SRR2822456.728013:c1 7446 25 27 4
SRR2822456.914349:c1 3929 25 27 4
SRR2822456.922554R:c1 5754 25 27 4
SRR2822456.496353:c1 3873 25 27 4
SRR2822456.662676:c1 2953 25 27 4
SRR2822456.469813:c1 9668 25 27 4
SRR2822456.893384R:c1 3588 25 27 4
SRR2822456.808190:c1 5031 25 27 4
SRR2822456.925364:c1 7712 25 27 4
SRR2822456.1014383:c1 2187 25 27 4
SRR2822456.655420:c1 5337 25 27 4
SRR2822456.668959:c1 3214 25 27 4
SRR2822456.388703:c1 4889 25 27 4
SRR2822456.828179:c1 5353 25 27 4
SRR2822456.525178R:c1 3749 25 27 4
SRR2822456.497714:c1 2329 25 27 4
SRR2822456.299335R:c1 2166 25 27 4
SRR2822456.1189510:c1 1881 25 27 4
SRR2822456.943293:c1 4580 25 27 4
SRR2822456.664521R:c1 6855 25 27 4
SRR2822456.763676:c1 3024 25 27 4
SRR2822456.395687:c1 2648 25 27 4
SRR2822456.240958:c1 2610 25 27 4
SRR2822456.1198714:c1 6642 25 27 4
SRR2822456.967637:c1 6127 25 27 4
SRR2822456.491062:c1 3413 25 27 4
SRR2822456.32131:c1 4380 25 27 4
SRR2822456.176533:c1 4274 25 27 4
SRR2822456.23664R:c1 2646 25 27 4
SRR2822456.1168711:c1 5499 25 27 4
SRR2822456.711831:c1 2802 25 27 4
SRR2822456.154202:c1 1666 25 27 4
SRR2822456.478768:c1 7112 25 27 4
SRR2822456.804738:c1 6576 25 27 4
SRR2822456.769507:c1 1678 25 27 4
SRR2822456.509401:c1 5250 25 27 4
SRR2822456.1169251:c1 5441 25 27 4
SRR2822456.389982:c1 4428 25 27 4
SRR2822456.401197R:c1 5401 25 27 3
SRR2822456.370524R:c1 8343 25 27 3
SRR2822456.626357R:c1 4869 25 27 3
SRR2822456.23536R:c1 2394 25 27 3
SRR2822456.759417R:c1 4304 25 27 3
SRR2822456.967261:c1 1656 25 27 3
SRR2822456.788444R:c1 5295 25 27 3
SRR2822456.209161R:c1 4184 25 27 3
SRR2822456.407062R:c1 4567 25 27 3
SRR2822456.589908R:c1 3090 25 27 3
SRR2822456.750063R:c1 3275 25 27 3
SRR2822456.826613R:c1 2214 25 27 3
SRR2822456.657667R:c1 7872 25 27 3
SRR2822456.240851R:c1 4081 25 27 3
SRR2822456.95642R:c1 3377 25 27 3
SRR2822456.803594R:c1 7353 25 27 3
SRR2822456.76738R:c1 2818 25 27 3
SRR2822456.144099:c1 1858 25 27 3
SRR2822456.773302:c1 2632 25 27 3
SRR2822456.222456R:c1 2860 25 27 3
SRR2822456.387162R:c1 3188 25 27 3
SRR2822456.120133R:c1 4858 25 27 3
SRR2822456.649498R:c1 4813 25 27 3
SRR2822456.580939R:c1 2963 25 27 3
SRR2822456.290434:c1 9131 25 27 3
SRR2822456.484145R:c1 2467 25 27 3
SRR2822456.36136R:c1 6298 25 27 3
SRR2822456.605816R:c1 3113 25 27 3
SRR2822456.56772R:c1 4055 25 27 3
SRR2822456.348225:c1 5299 25 27 3
SRR2822456.584729R:c1 4361 25 27 3
SRR2822456.689554:c1 2184 25 27 3
SRR2822456.676670:c1 5267 25 27 3
SRR2822456.190949:c1 5083 25 27 3
SRR2822456.154833:c1 3530 25 27 3
SRR2822456.367282:c1 6072 25 27 3
SRR2822456.273249:c1 2531 25 27 3
SRR2822456.321235:c1 5345 25 27 3
SRR2822456.274800R:c1 4221 25 27 3
SRR2822456.667307:c1 4376 25 27 3
SRR2822456.781711:c1 1521 25 27 3
SRR2822456.108339:c1 2622 25 27 3
SRR2822456.387031:c1 2423 25 27 3
SRR2822456.681481R:c1 9868 25 27 3
SRR2822456.524922R:c1 3007 25 27 2
SRR2822456.909044R:c1 12810 25 27 2
SRR2822456.430199:c1 6427 25 27 2
SRR2822456.1032189R:c1 11021 25 27 2
