SRR2822456.1197054:c1 8986 126 22 22
SRR2822456.829815R:c1 4386 118 24 20
SRR2822456.1104707R:c1 10903 117 25 21
SRR2822456.479883:c1 8765 117 25 21
SRR2822456.792675:c1 6654 116 25 21
SRR2822456.1045657:c1 7959 110 25 21
SRR2822456.1016671:c1 8735 106 25 21
SRR2822456.1034022:c1 8848 103 25 21
SRR2822456.1000029R:c1 10279 100 25 21
SRR2822456.583635R:c1 9172 99 25 21
SRR2822456.1044657R:c1 10122 96 25 21
SRR2822456.1108107R:c1 8959 96 25 21
SRR2822456.553516:c1 8173 95 25 21
SRR2822456.763317R:c1 8501 95 25 21
SRR2822456.152613:c1 10123 95 25 21
SRR2822456.464559:c1 5500 95 25 21
SRR2822456.841190:c1 9081 94 25 21
SRR2822456.1181598R:c1 5579 94 25 21
SRR2822456.561415R:c1 4065 94 25 21
SRR2822456.1140394:c1 9586 93 25 21
SRR2822456.1207549R:c1 9850 88 25 21
SRR2822456.1109498:c1 10244 88 25 21
SRR2822456.424137:c1 9526 87 25 21
SRR2822456.754797R:c1 7779 87 25 21
SRR2822456.517342R:c1 10740 79 25 21
SRR2822456.1128084:c1 8914 77 25 21
SRR2822456.369210:c1 12095 77 25 21
SRR2822456.295101:c1 12226 76 25 21
SRR2822456.469028R:c1 6360 76 25 21
SRR2822456.689782:c1 7996 74 25 21
SRR2822456.532379:c1 8874 71 25 21
SRR2822456.164380R:c1 11784 70 25 21
SRR2822456.701326R:c1 8876 70 25 21
SRR2822456.221419R:c1 8809 69 25 21
SRR2822456.796727:c1 9133 69 25 21
SRR2822456.718949:c1 9867 69 25 21
SRR2822456.1119737:c1 5316 68 25 21
SRR2822456.954667R:c1 9452 67 25 21
SRR2822456.1070140:c1 7716 66 25 21
SRR2822456.19279:c1 8638 66 25 21
SRR2822456.1059259:c1 10123 66 25 21
SRR2822456.287016:c1 8623 66 25 21
SRR2822456.356008:c1 8397 66 25 21
SRR2822456.958296R:c1 9893 66 25 21
SRR2822456.508057R:c1 8751 66 25 21
SRR2822456.966990R:c1 2377 66 25 21
SRR2822456.788738:c1 8721 64 25 21
SRR2822456.994950:c1 8666 64 25 21
SRR2822456.1205286R:c1 9555 63 25 21
SRR2822456.871572R:c1 5576 62 25 21
SRR2822456.693784R:c1 9230 62 25 21
SRR2822456.490094:c1 8628 60 25 21
SRR2822456.478254:c1 9338 60 25 21
SRR2822456.329559R:c1 9998 60 25 21
SRR2822456.1010633R:c1 11970 60 25 21
SRR2822456.502287R:c1 6936 59 25 21
SRR2822456.678619:c1 9232 58 25 21
SRR2822456.1160604R:c1 8353 58 25 21
SRR2822456.389545:c1 9440 58 25 21
SRR2822456.1102082R:c1 8696 57 25 21
SRR2822456.641401R:c1 8343 56 25 21
SRR2822456.21350R:c1 8276 55 25 21
SRR2822456.696919:c1 6745 55 25 21
SRR2822456.1156741R:c1 8036 53 25 21
SRR2822456.1115577:c1 8601 53 25 21
SRR2822456.610431:c1 9132 51 25 21
SRR2822456.65268R:c1 9225 51 25 21
SRR2822456.44024R:c1 9146 51 25 21
SRR2822456.1090486R:c1 9318 51 25 21
SRR2822456.1206254R:c1 8603 51 25 21
SRR2822456.931231:c1 8999 50 25 21
SRR2822456.846009:c1 13323 49 25 21
SRR2822456.36847R:c1 9122 49 25 21
SRR2822456.1129303R:c1 10087 49 25 21
SRR2822456.980446:c1 9150 49 25 21
SRR2822456.401753:c1 10235 48 25 21
SRR2822456.254653:c1 8048 48 25 21
SRR2822456.612225:c1 9595 48 25 21
SRR2822456.322275:c1 10316 48 25 21
SRR2822456.69625:c1 8190 47 25 21
SRR2822456.960893R:c1 13619 47 25 21
SRR2822456.452710R:c1 9551 46 25 21
SRR2822456.8460:c1 11661 45 25 21
SRR2822456.821218:c1 9550 45 25 21
SRR2822456.716051R:c1 8759 44 25 21
SRR2822456.588422:c1 11266 44 25 21
SRR2822456.11889:c1 7781 43 25 21
SRR2822456.506080R:c1 17119 42 25 21
SRR2822456.827074:c1 12164 42 25 21
SRR2822456.854176R:c1 9049 41 25 21
SRR2822456.767975R:c1 7119 40 25 21
SRR2822456.524871R:c1 8619 40 25 21
SRR2822456.777850:c1 4733 40 25 21
SRR2822456.939194:c1 10942 39 25 21
SRR2822456.6943R:c1 8744 39 25 21
SRR2822456.675040:c1 6916 39 25 21
SRR2822456.1020346R:c1 10859 39 25 21
SRR2822456.441360R:c1 9820 38 25 21
SRR2822456.342815:c1 8579 38 25 21
SRR2822456.1098939R:c1 9457 38 25 21
SRR2822456.872865R:c1 5310 38 25 21
SRR2822456.807518R:c1 19205 38 25 21
SRR2822456.360512:c1 8163 38 25 21
SRR2822456.270580:c1 8263 38 25 21
SRR2822456.216040:c1 8606 38 25 21
SRR2822456.1191305R:c1 8548 38 25 21
SRR2822456.292146:c1 8295 37 25 21
SRR2822456.348215:c1 10027 37 25 21
SRR2822456.429191R:c1 9094 37 25 21
SRR2822456.776539R:c1 6152 37 25 21
SRR2822456.599752:c1 8650 37 25 21
SRR2822456.105297:c1 10415 37 25 21
SRR2822456.112812R:c1 8332 37 25 21
SRR2822456.336015:c1 13401 37 25 21
SRR2822456.112693R:c1 7990 36 25 21
SRR2822456.1080652:c1 11422 36 25 21
SRR2822456.259803:c1 9169 36 25 21
SRR2822456.252578R:c1 9524 36 25 21
SRR2822456.115095:c1 5290 36 25 21
SRR2822456.474277R:c1 11371 36 25 21
SRR2822456.1032215R:c1 8980 36 25 21
SRR2822456.95870R:c1 7743 36 25 21
SRR2822456.568542R:c1 8774 35 25 21
SRR2822456.1004139R:c1 8466 35 25 21
SRR2822456.173203R:c1 9783 35 25 21
SRR2822456.397266:c1 8150 35 25 21
SRR2822456.1194658:c1 12173 35 25 21
SRR2822456.822180:c1 11001 35 25 21
SRR2822456.730727R:c1 9323 35 25 21
SRR2822456.450271:c1 11534 35 25 21
SRR2822456.265528:c1 9183 35 25 21
SRR2822456.129305:c1 8443 35 25 21
SRR2822456.940153R:c1 17468 35 25 21
SRR2822456.689051R:c1 8920 35 25 21
SRR2822456.147534R:c1 8956 35 25 21
SRR2822456.938098:c1 7351 35 25 21
SRR2822456.432937:c1 8719 35 25 21
SRR2822456.898102R:c1 9723 35 25 21
SRR2822456.243614R:c1 4485 35 25 21
SRR2822456.1062786:c1 7623 35 25 21
SRR2822456.218312:c1 8672 35 25 21
SRR2822456.244538:c1 10345 34 25 21
SRR2822456.1124703R:c1 8038 34 25 21
SRR2822456.600331R:c1 10814 34 25 21
SRR2822456.81770R:c1 8993 34 25 21
SRR2822456.300367R:c1 10688 34 25 21
SRR2822456.1007965R:c1 10570 34 25 21
SRR2822456.279943:c1 8446 34 25 21
SRR2822456.119522R:c1 10017 33 25 21
SRR2822456.1008184:c1 4857 33 25 21
SRR2822456.307777R:c1 8272 33 25 21
SRR2822456.666299R:c1 3918 33 25 21
SRR2822456.1031149:c1 13595 33 25 21
SRR2822456.308077:c1 5688 33 25 21
SRR2822456.966502R:c1 4425 33 25 21
SRR2822456.62995R:c1 4931 33 25 21
SRR2822456.1053730:c1 2473 33 25 21
SRR2822456.809812:c1 3756 32 25 21
SRR2822456.263646:c1 11103 32 25 21
SRR2822456.188668R:c1 9114 32 25 21
SRR2822456.1151655:c1 17444 32 25 21
SRR2822456.154856R:c1 11120 32 25 21
SRR2822456.72924:c1 5960 32 25 21
SRR2822456.360001:c1 8768 32 25 21
SRR2822456.663228:c1 7003 32 25 21
SRR2822456.334668R:c1 9238 32 25 21
SRR2822456.1043806:c1 8324 32 25 21
SRR2822456.801437:c1 7628 32 25 21
SRR2822456.1213158:c1 8705 32 25 21
SRR2822456.635411R:c1 10480 32 25 21
SRR2822456.157664:c1 8592 31 25 21
SRR2822456.237244:c1 6896 31 25 21
SRR2822456.1003812:c1 9306 31 25 21
SRR2822456.1023462:c1 8431 31 25 21
SRR2822456.574388:c1 7930 31 25 21
SRR2822456.685808R:c1 7547 31 25 21
SRR2822456.231388:c1 8141 31 25 21
SRR2822456.1034143R:c1 9711 31 25 21
SRR2822456.886483:c1 8339 31 25 21
SRR2822456.938696:c1 9194 31 25 21
SRR2822456.561838R:c1 10397 30 25 21
SRR2822456.1075427:c1 8652 30 25 21
SRR2822456.1226012:c1 7090 30 25 21
SRR2822456.620654R:c1 9136 30 25 21
SRR2822456.817704R:c1 8443 29 25 21
SRR2822456.4594:c1 8364 29 25 21
SRR2822456.804023:c1 8567 28 25 20
SRR2822456.261189:c1 11016 28 25 20
SRR2822456.890662:c1 4714 28 25 20
SRR2822456.896593R:c1 9882 28 25 20
SRR2822456.1206351:c1 6979 28 25 20
SRR2822456.851656:c1 10561 28 25 20
SRR2822456.11208R:c1 9469 28 25 20
SRR2822456.384328R:c1 8513 27 25 20
SRR2822456.225617R:c1 3557 27 25 20
SRR2822456.726324R:c1 11248 27 25 20
SRR2822456.5975R:c1 9196 27 25 20
SRR2822456.448166:c1 3487 27 25 20
SRR2822456.809275:c1 8241 27 25 20
SRR2822456.1176216R:c1 7060 27 25 19
SRR2822456.1074649R:c1 8443 27 25 19
SRR2822456.864290:c1 11002 27 25 19
SRR2822456.844978:c1 2805 26 25 19
SRR2822456.343756R:c1 3756 26 25 19
SRR2822456.1171057R:c1 9406 26 25 19
SRR2822456.516025R:c1 2595 26 25 19
SRR2822456.562637R:c1 9382 26 25 19
SRR2822456.355526:c1 4650 26 25 19
SRR2822456.224078:c1 10513 26 25 18
SRR2822456.100203R:c1 8543 26 25 18
SRR2822456.1007116:c1 1885 26 25 18
SRR2822456.534036R:c1 8277 26 25 18
SRR2822456.906785:c1 10498 26 25 17
SRR2822456.926945R:c1 8269 26 25 17
SRR2822456.984885R:c1 3536 26 25 17
SRR2822456.936090R:c1 3278 26 25 16
SRR2822456.919934:c1 2722 26 25 16
SRR2822456.764297:c1 8729 26 25 16
SRR2822456.577437:c1 6849 26 25 16
SRR2822456.211222:c1 9098 25 25 16
SRR2822456.1082806:c1 8534 25 25 16
SRR2822456.1097278R:c1 3864 25 25 16
SRR2822456.946290R:c1 4538 25 25 16
SRR2822456.275480:c1 8624 25 25 16
SRR2822456.268243:c1 8808 25 25 16
SRR2822456.1097730:c1 4418 25 25 15
SRR2822456.290918:c1 6329 25 25 15
SRR2822456.1019344:c1 9102 25 25 15
SRR2822456.150525:c1 3295 25 25 15
SRR2822456.631203:c1 1752 25 25 14
SRR2822456.613432R:c1 6139 25 25 14
SRR2822456.925341:c1 8706 25 25 14
SRR2822456.366201:c1 8604 25 25 14
SRR2822456.438631:c1 9861 25 25 13
SRR2822456.127190:c1 9477 25 25 13
SRR2822456.583983R:c1 8161 25 25 13
SRR2822456.511330:c1 2600 25 25 13
SRR2822456.926536R:c1 9088 25 25 13
SRR2822456.147254R:c1 10372 25 25 13
SRR2822456.1028411:c1 3166 25 25 13
SRR2822456.771203:c1 2622 25 25 13
SRR2822456.440321:c1 3918 25 25 12
SRR2822456.1142660:c1 5828 25 25 12
SRR2822456.1173908R:c1 8164 25 25 12
SRR2822456.29986R:c1 4063 25 25 12
SRR2822456.206760:c1 3702 25 25 12
SRR2822456.1192751R:c1 1916 25 25 12
SRR2822456.417316:c1 5865 25 25 12
SRR2822456.867438:c1 10698 25 25 11
SRR2822456.628885:c1 5431 25 25 11
SRR2822456.862305R:c1 3158 25 25 11
SRR2822456.1209418R:c1 3503 25 25 11
SRR2822456.608652:c1 9709 25 25 11
SRR2822456.1152435:c1 9355 25 25 10
SRR2822456.538605:c1 9367 25 25 10
SRR2822456.863504:c1 8415 25 25 10
SRR2822456.1175152:c1 9054 25 25 10
SRR2822456.604227R:c1 10092 25 25 10
SRR2822456.1037539:c1 4513 25 25 10
SRR2822456.956417:c1 5783 25 25 10
SRR2822456.782800:c1 8965 25 25 10
SRR2822456.803098:c1 6413 25 25 10
SRR2822456.1149103:c1 8429 25 25 10
SRR2822456.838026:c1 10058 25 25 10
SRR2822456.970420:c1 9381 25 25 10
SRR2822456.85841:c1 3257 25 25 10
SRR2822456.810861:c1 7181 25 25 10
SRR2822456.29795R:c1 4634 25 25 9
SRR2822456.630887R:c1 4108 25 25 9
SRR2822456.991508:c1 6460 25 25 9
SRR2822456.1192676:c1 2137 25 25 8
SRR2822456.982075:c1 8328 25 25 8
SRR2822456.880210:c1 8351 25 25 8
SRR2822456.267231:c1 7160 25 25 8
SRR2822456.690630:c1 8925 25 25 8
SRR2822456.860943:c1 10470 25 25 8
SRR2822456.1214984R:c1 4130 25 25 8
SRR2822456.1136864:c1 8491 25 25 8
SRR2822456.573524R:c1 6309 25 25 8
SRR2822456.256405:c1 8458 25 25 8
SRR2822456.1118839R:c1 11288 25 25 8
SRR2822456.784335:c1 1719 25 25 7
SRR2822456.573926R:c1 4146 25 25 7
SRR2822456.950577R:c1 2782 25 25 7
SRR2822456.425703:c1 4496 25 25 7
SRR2822456.817007R:c1 13046 25 25 7
SRR2822456.409072R:c1 2884 25 25 7
SRR2822456.440525R:c1 7516 25 25 7
SRR2822456.17656R:c1 6237 25 25 6
SRR2822456.244929R:c1 1654 25 25 6
SRR2822456.873122R:c1 12008 25 25 6
SRR2822456.374045:c1 2614 25 25 6
SRR2822456.926263:c1 9663 25 25 6
SRR2822456.168574:c1 2466 25 25 6
SRR2822456.563612R:c1 6770 25 25 6
SRR2822456.516918R:c1 6371 25 25 6
SRR2822456.691921R:c1 9093 25 25 6
SRR2822456.810860:c1 3020 25 25 6
SRR2822456.1102317:c1 3537 25 25 6
SRR2822456.206759:c1 7175 25 25 6
SRR2822456.4135:c1 5504 25 25 6
SRR2822456.1027426R:c1 5013 25 25 6
SRR2822456.911591R:c1 1660 25 25 6
SRR2822456.465213R:c1 8555 25 25 6
SRR2822456.683025:c1 13698 25 25 6
SRR2822456.1097828:c1 5035 25 25 6
SRR2822456.783923R:c1 8203 25 25 6
SRR2822456.388018:c1 8744 25 25 6
SRR2822456.946340R:c1 4838 25 25 5
SRR2822456.1209747R:c1 5733 25 25 5
SRR2822456.807945:c1 7993 25 25 5
SRR2822456.966020R:c1 7875 25 25 5
SRR2822456.1117595:c1 8349 25 25 5
SRR2822456.803393:c1 5055 25 25 5
SRR2822456.111802R:c1 6339 25 25 5
SRR2822456.682260:c1 1838 25 25 4
SRR2822456.83888R:c1 10392 25 25 4
SRR2822456.634128:c1 8843 25 25 4
SRR2822456.828840R:c1 10305 25 25 4
SRR2822456.835088:c1 9486 25 25 4
SRR2822456.1158216:c1 7848 25 25 4
SRR2822456.967558:c1 9637 25 25 3
SRR2822456.600745R:c1 8506 25 25 3
SRR2822456.816905R:c1 6151 25 25 3
SRR2822456.322708:c1 10929 25 25 3
SRR2822456.753814:c1 8438 25 25 3
SRR2822456.171143R:c1 1911 25 25 2
SRR2822456.544329R:c1 7926 25 25 2
SRR2822456.670741:c1 5371 25 25 2
