SRR2822456.403571:c1 9508 126 24 24
SRR2822456.1186552R:c1 8148 118 24 23
SRR2822456.817347R:c1 8737 117 24 23
SRR2822456.306330:c1 6310 117 24 23
SRR2822456.6809:c1 6245 116 24 23
SRR2822456.1036650R:c1 9539 110 24 23
SRR2822456.945623:c1 9715 106 24 23
SRR2822456.1039893R:c1 8274 103 24 23
SRR2822456.1021142:c1 8740 100 24 23
SRR2822456.804590R:c1 9351 99 24 23
SRR2822456.1153175R:c1 5541 96 24 23
SRR2822456.354876R:c1 6332 96 24 23
SRR2822456.448607R:c1 4951 95 25 22
SRR2822456.194407:c1 5567 95 25 23
SRR2822456.1017267:c1 9146 95 25 23
SRR2822456.493398R:c1 11015 95 25 23
SRR2822456.750398:c1 8591 94 25 23
SRR2822456.685585R:c1 8000 94 25 23
SRR2822456.996293:c1 9537 94 25 23
SRR2822456.993760:c1 10964 93 25 23
SRR2822456.482217:c1 5920 88 25 23
SRR2822456.485283:c1 9620 88 25 23
SRR2822456.1173498:c1 9058 87 25 23
SRR2822456.890501:c1 9578 87 25 23
SRR2822456.728986:c1 9914 79 25 23
SRR2822456.109501:c1 8822 77 25 23
SRR2822456.1046505R:c1 10270 77 25 23
SRR2822456.1086538R:c1 7319 76 25 23
SRR2822456.1213341R:c1 8337 76 25 23
SRR2822456.601409:c1 9300 74 25 23
SRR2822456.857991:c1 9697 71 25 23
SRR2822456.719730:c1 9168 70 25 23
SRR2822456.508565:c1 8383 70 25 23
SRR2822456.1017075:c1 8683 69 25 23
SRR2822456.467731R:c1 9132 69 25 23
SRR2822456.605608:c1 5935 69 25 23
SRR2822456.730042R:c1 9126 68 25 23
SRR2822456.152994R:c1 2801 67 25 23
SRR2822456.1080068:c1 8543 66 25 23
SRR2822456.3017:c1 7948 66 25 23
SRR2822456.376952R:c1 8862 66 25 23
SRR2822456.307858R:c1 7662 66 25 23
SRR2822456.220563:c1 8540 66 25 23
SRR2822456.344339R:c1 9681 66 25 23
SRR2822456.629544R:c1 6647 66 25 23
SRR2822456.162502R:c1 9723 66 25 23
SRR2822456.920471R:c1 14159 64 25 23
SRR2822456.1029768:c1 9635 64 25 23
SRR2822456.886272R:c1 9832 63 25 23
SRR2822456.467037:c1 9046 62 25 23
SRR2822456.1204965R:c1 8868 62 25 23
SRR2822456.2437:c1 9208 60 25 23
SRR2822456.1033112:c1 5007 60 26 22
SRR2822456.477535R:c1 8921 60 26 23
SRR2822456.539604:c1 5405 60 26 23
SRR2822456.1126885:c1 11287 59 26 23
SRR2822456.177176R:c1 10777 58 26 23
SRR2822456.991986:c1 8727 58 26 23
SRR2822456.638487R:c1 8320 58 26 23
SRR2822456.502956R:c1 10703 57 26 23
SRR2822456.777836R:c1 7173 56 26 23
SRR2822456.931751:c1 8255 55 26 23
SRR2822456.1131539:c1 11684 55 26 23
SRR2822456.702257R:c1 6891 53 26 23
SRR2822456.976774R:c1 10079 53 26 23
SRR2822456.1096247R:c1 10710 51 26 23
SRR2822456.240901R:c1 5474 51 26 23
SRR2822456.884908R:c1 7809 51 26 23
SRR2822456.1079387:c1 4280 51 26 23
SRR2822456.1108613R:c1 5167 51 26 23
SRR2822456.988776:c1 9139 50 26 23
SRR2822456.1042393R:c1 8972 49 26 23
SRR2822456.1215945:c1 10131 49 26 23
SRR2822456.339770R:c1 8442 49 26 23
SRR2822456.546665R:c1 7538 49 26 23
SRR2822456.798619:c1 9469 48 26 23
SRR2822456.370774:c1 7053 48 26 23
SRR2822456.349989:c1 9602 48 26 23
SRR2822456.651710R:c1 10624 48 26 23
SRR2822456.297893R:c1 9454 47 26 23
SRR2822456.731472:c1 9446 47 26 23
SRR2822456.1060396:c1 9672 46 26 23
SRR2822456.734605:c1 9608 45 26 23
SRR2822456.728334R:c1 9416 45 26 23
SRR2822456.439484:c1 9733 44 26 23
SRR2822456.68667R:c1 9289 44 26 23
SRR2822456.865047R:c1 8270 43 26 23
SRR2822456.274071:c1 8527 42 26 23
SRR2822456.1021835R:c1 8200 42 26 23
SRR2822456.80805:c1 10385 41 26 23
SRR2822456.952901R:c1 12601 40 26 23
SRR2822456.1194113R:c1 9043 40 26 23
SRR2822456.66100R:c1 3904 40 26 23
SRR2822456.857631R:c1 8217 39 26 23
SRR2822456.865402R:c1 7907 39 26 23
SRR2822456.1199626R:c1 8885 39 26 23
SRR2822456.994141R:c1 8448 39 26 23
SRR2822456.1010121:c1 7898 38 26 23
SRR2822456.592228:c1 9459 38 26 23
SRR2822456.761236R:c1 8494 38 26 23
SRR2822456.108818R:c1 9310 38 26 23
SRR2822456.122486R:c1 8693 38 26 23
SRR2822456.826828R:c1 8843 38 26 23
SRR2822456.1083102R:c1 12343 38 26 23
SRR2822456.689999R:c1 13009 38 26 23
SRR2822456.68292:c1 10330 38 26 23
SRR2822456.845289R:c1 10161 37 26 23
SRR2822456.242990:c1 8686 37 27 22
SRR2822456.1155841:c1 9776 37 27 23
SRR2822456.340680R:c1 8802 37 27 23
SRR2822456.129889:c1 11050 37 27 23
SRR2822456.39243:c1 5090 37 27 23
SRR2822456.1105064R:c1 9455 37 27 23
SRR2822456.848321R:c1 7327 37 27 23
SRR2822456.387068R:c1 9714 36 27 23
SRR2822456.46875R:c1 9246 36 27 23
SRR2822456.1177081:c1 11751 36 27 23
SRR2822456.1071794R:c1 10591 36 27 23
SRR2822456.67122:c1 10392 36 27 23
SRR2822456.541302R:c1 4536 36 27 23
SRR2822456.206534:c1 7066 36 27 23
SRR2822456.926037:c1 9547 36 27 23
SRR2822456.213112:c1 10142 35 27 23
SRR2822456.1139608:c1 9165 35 27 23
SRR2822456.965478R:c1 10895 35 27 23
SRR2822456.986729:c1 8335 35 27 23
SRR2822456.762534:c1 7954 35 27 23
SRR2822456.19151:c1 3511 35 27 23
SRR2822456.705845R:c1 4729 35 27 23
SRR2822456.216006R:c1 10227 35 27 23
SRR2822456.82612:c1 8583 35 27 23
SRR2822456.1068611R:c1 10371 35 27 23
SRR2822456.1215109R:c1 9143 35 27 23
SRR2822456.1170913:c1 8017 35 27 23
SRR2822456.875624R:c1 13458 35 27 23
SRR2822456.916287R:c1 9592 35 27 23
SRR2822456.31329:c1 5385 35 27 23
SRR2822456.1171602:c1 9648 35 27 23
SRR2822456.179244:c1 6273 35 27 23
SRR2822456.509069R:c1 8941 35 27 23
SRR2822456.1000650:c1 5679 35 27 23
SRR2822456.234162:c1 4556 34 27 23
SRR2822456.684649:c1 8108 34 27 23
SRR2822456.242401R:c1 9221 34 27 23
SRR2822456.573772R:c1 9073 34 27 23
SRR2822456.999721:c1 8972 34 27 23
SRR2822456.1123529R:c1 4772 34 27 23
SRR2822456.892393R:c1 5974 34 27 23
SRR2822456.970224R:c1 10015 33 27 23
SRR2822456.876587:c1 8372 33 27 23
SRR2822456.718162:c1 8089 33 27 23
SRR2822456.72478:c1 3215 33 27 23
SRR2822456.321930R:c1 5401 33 27 23
SRR2822456.1054735:c1 10522 33 27 22
SRR2822456.1022565R:c1 7468 33 27 22
SRR2822456.1039441:c1 5299 33 27 22
SRR2822456.1215227:c1 15689 33 27 22
SRR2822456.256169:c1 7094 32 27 22
SRR2822456.744189:c1 1604 32 27 22
SRR2822456.308653R:c1 4947 32 27 22
SRR2822456.892252R:c1 8522 32 28 21
SRR2822456.215353R:c1 4251 32 28 21
SRR2822456.369025R:c1 11552 32 28 21
SRR2822456.744928R:c1 7479 32 28 21
SRR2822456.1166553R:c1 12129 32 28 21
SRR2822456.587438:c1 20917 32 28 21
SRR2822456.943832:c1 5080 32 28 21
SRR2822456.221506:c1 8840 32 28 21
SRR2822456.834237:c1 9079 32 28 21
SRR2822456.644208R:c1 9913 32 28 21
SRR2822456.157900R:c1 5988 31 28 21
SRR2822456.547252R:c1 4691 31 28 21
SRR2822456.938146R:c1 9685 31 28 21
SRR2822456.106589R:c1 9853 31 28 21
SRR2822456.409363R:c1 3255 31 28 21
SRR2822456.1184376:c1 1997 31 28 21
SRR2822456.1040601:c1 8559 31 28 21
SRR2822456.447424:c1 8689 31 28 21
SRR2822456.517105R:c1 2641 31 28 21
SRR2822456.239964:c1 8236 31 29 20
SRR2822456.582671R:c1 8512 30 29 21
SRR2822456.594783R:c1 10395 30 29 21
SRR2822456.46319:c1 8816 30 29 21
SRR2822456.1192939R:c1 8171 30 29 21
SRR2822456.702579R:c1 2077 29 29 20
SRR2822456.1003107R:c1 2813 29 29 20
SRR2822456.490384R:c1 10047 28 29 20
SRR2822456.969370R:c1 11333 28 29 20
SRR2822456.909804R:c1 3186 28 29 20
SRR2822456.817438R:c1 9865 28 29 20
SRR2822456.856512R:c1 1693 28 29 20
SRR2822456.12867R:c1 7778 28 29 20
SRR2822456.302788R:c1 11379 28 29 19
SRR2822456.403046R:c1 2131 27 29 19
SRR2822456.862798:c1 8999 27 29 19
SRR2822456.1091410R:c1 8375 27 29 19
SRR2822456.825047R:c1 5187 27 29 19
SRR2822456.811822R:c1 8762 27 29 19
SRR2822456.472217:c1 8995 27 29 19
SRR2822456.619932:c1 8316 27 29 18
SRR2822456.458196:c1 8236 27 29 18
SRR2822456.1081305R:c1 4714 27 29 18
SRR2822456.35850:c1 2769 26 29 18
SRR2822456.813544:c1 5862 26 29 18
SRR2822456.953633R:c1 3598 26 29 18
SRR2822456.505365:c1 8365 26 29 18
SRR2822456.63469R:c1 5093 26 29 17
SRR2822456.647661:c1 8434 26 29 17
SRR2822456.275383:c1 8601 26 29 17
SRR2822456.668304R:c1 5782 26 29 17
SRR2822456.1002149:c1 8817 26 29 17
SRR2822456.643013:c1 10984 26 29 17
SRR2822456.1176481:c1 9012 26 29 17
SRR2822456.968363:c1 8269 26 29 17
SRR2822456.992846:c1 5963 26 29 17
SRR2822456.813888R:c1 8243 26 29 17
SRR2822456.89528R:c1 10997 26 29 16
SRR2822456.356661R:c1 6039 26 29 16
SRR2822456.625081:c1 8460 26 29 16
SRR2822456.877375:c1 9744 25 29 16
SRR2822456.496662R:c1 4141 25 29 16
SRR2822456.253837:c1 7815 25 29 16
SRR2822456.769096R:c1 7392 25 29 16
SRR2822456.860026:c1 3512 25 29 16
SRR2822456.470657R:c1 10003 25 29 15
SRR2822456.864043:c1 10460 25 29 15
SRR2822456.1181560R:c1 1776 25 29 15
SRR2822456.419996R:c1 8158 25 29 15
SRR2822456.298909R:c1 3943 25 29 14
SRR2822456.743669:c1 2529 25 29 13
SRR2822456.163642R:c1 4833 25 29 13
SRR2822456.470992R:c1 5779 25 29 13
SRR2822456.14968:c1 4595 25 29 13
SRR2822456.900157:c1 8135 25 29 13
SRR2822456.984560:c1 8531 25 29 13
SRR2822456.1090688R:c1 10943 25 29 12
SRR2822456.85502R:c1 3986 25 30 11
SRR2822456.356991:c1 11450 25 30 12
SRR2822456.22858:c1 5798 25 30 12
SRR2822456.288580R:c1 8701 25 30 12
SRR2822456.356990:c1 3078 25 30 12
SRR2822456.325452:c1 1919 25 30 11
SRR2822456.167821:c1 4895 25 30 11
SRR2822456.10336R:c1 7484 25 30 11
SRR2822456.318868:c1 5341 25 30 11
SRR2822456.574120:c1 8342 25 30 11
SRR2822456.860694:c1 5389 25 30 11
SRR2822456.1140733:c1 10115 25 30 11
SRR2822456.437025R:c1 7375 25 30 10
SRR2822456.15122R:c1 3869 25 30 10
SRR2822456.583388R:c1 7933 25 30 10
SRR2822456.459648R:c1 10041 25 30 10
SRR2822456.84858:c1 4648 25 30 9
SRR2822456.22859:c1 2062 25 30 9
SRR2822456.991401R:c1 8300 25 30 9
SRR2822456.906710:c1 9675 25 30 8
SRR2822456.200610R:c1 7134 25 30 8
SRR2822456.404236R:c1 4914 25 30 8
SRR2822456.1077227:c1 8256 25 30 8
SRR2822456.645897R:c1 8802 25 30 8
SRR2822456.148902R:c1 8408 25 30 8
SRR2822456.859753R:c1 6004 25 30 7
SRR2822456.355476R:c1 7547 25 30 7
SRR2822456.400652:c1 3695 25 30 7
SRR2822456.847959R:c1 6157 25 30 7
SRR2822456.91419:c1 10098 25 30 7
SRR2822456.734100:c1 5001 25 30 7
SRR2822456.166972:c1 4488 25 30 7
SRR2822456.38036R:c1 7316 25 30 6
SRR2822456.739217:c1 10218 25 30 6
SRR2822456.84857:c1 2818 25 30 6
SRR2822456.1026337R:c1 8669 25 30 6
SRR2822456.1206706R:c1 7638 25 30 6
SRR2822456.638943:c1 4258 25 30 5
SRR2822456.137301:c1 2244 25 30 5
SRR2822456.591643R:c1 4804 25 30 5
SRR2822456.121143R:c1 6079 25 30 5
SRR2822456.410035R:c1 5667 25 30 5
SRR2822456.279700:c1 4111 25 30 5
SRR2822456.812726R:c1 1557 25 30 5
SRR2822456.649900R:c1 4461 25 30 5
SRR2822456.28123R:c1 5282 25 31 4
SRR2822456.375074:c1 8785 25 31 5
SRR2822456.679058:c1 1692 25 31 4
SRR2822456.301441R:c1 8087 25 31 4
SRR2822456.1133171:c1 7037 25 31 4
SRR2822456.992847:c1 3706 25 31 4
SRR2822456.114068R:c1 2834 25 31 4
SRR2822456.354421:c1 1697 25 31 4
SRR2822456.194135:c1 8681 25 31 4
SRR2822456.675950:c1 7050 25 31 4
SRR2822456.857047:c1 5104 25 31 4
SRR2822456.509884:c1 7722 25 31 4
SRR2822456.1089468:c1 5763 25 31 3
SRR2822456.655524R:c1 7150 25 31 3
SRR2822456.329340R:c1 7512 25 31 3
SRR2822456.299944R:c1 1648 25 31 3
SRR2822456.891905R:c1 6836 25 31 3
SRR2822456.46511:c1 1924 25 31 2
SRR2822456.416796R:c1 2702 25 31 2
SRR2822456.612064R:c1 6614 25 31 2
SRR2822456.361940R:c1 9034 25 31 2
SRR2822456.1176271:c1 8335 25 31 2
